    50.500  3.95710e-05
    51.500  1.69246e-05
    52.500  5.64693e-05
    53.500  7.90561e-05
    54.500  1.75159e-04
    55.500  1.32707e-04
    56.500  1.32674e-04
    57.500  2.28774e-04
    58.500  1.58057e-04
    59.500  1.07121e-04
    60.500  2.14524e-04
    61.500  1.35337e-04
    62.500  1.21159e-04
    63.500  1.12638e-04
    64.500  3.38804e-04
    65.500  2.65260e-04
    66.500  3.04800e-04
    67.500  0.00000e+00
    68.500  2.84950e-04
    69.500  5.95930e-04
    70.500  3.44242e-04
    71.500  3.78148e-04
    72.500  4.71421e-04
    73.500  5.47723e-04
    74.500  6.77758e-04
    75.500  4.59998e-04
    76.500  6.60712e-04
    77.500  5.10813e-04
    78.500  4.62721e-04
    79.500  5.02270e-04
    80.500  6.69054e-04
    81.500  4.25846e-04
    82.500  0.00000e+00
    83.500  2.50477e-04
    84.500  1.82564e-04
    85.500  0.00000e+00
    86.500  2.05139e-04
    87.500  5.80574e-05
    88.500  4.36910e-04
    89.500  1.59774e-04
    90.500  4.39668e-04
    91.500  2.53006e-04
    92.500  0.00000e+00
    93.500  2.41646e-04
    94.500  3.40574e-04
    95.500  3.34885e-04
    96.500  4.05535e-04
    97.500  2.49983e-04
    98.500  4.64844e-04
    99.500  4.30875e-04
   100.500  6.51391e-04
   101.500  7.72939e-04
   102.500  7.33311e-04
   103.500  3.68536e-04
   104.500  7.92619e-04
   105.500  7.55831e-04
   106.500  6.00271e-04
   107.500  7.81202e-04
   108.500  9.47990e-04
   109.500  8.00928e-04
   110.500  8.99862e-04
   111.500  8.48922e-04
   112.500  8.09303e-04
   113.500  1.04113e-03
   114.500  1.04956e-03
   115.500  1.32098e-03
   116.500  1.90059e-03
   117.500  1.77896e-03
   118.500  1.23887e-03
   119.500  1.90896e-03
   120.500  1.44803e-03
   121.500  5.43200e-04
   122.500  6.61897e-04
   123.500  0.00000e+00
   124.500  5.34591e-04
   125.500  0.00000e+00
   128.500  7.4620e-3
